hold sensor still for gyro calibration ... 
Gyro offsets x, y, z: 74.3, 153.8, -5.5, 
Turn sensor SLOWLY and STEADILY in all directions until done
-1416, 6632, 15360, -231, 29, 161
-1336, 6728, 15560, -233, 35, 167
-1448, 6664, 15424, -228, 38, 172
-1312, 6808, 15584, -240, 38, 176
-1320, 6712, 15432, -234, 32, 173
-1192, 6856, 15544, -239, 41, 173
-1408, 6712, 15528, -242, 35, 169
-1336, 6472, 15504, -231, 37, 171
-1024, 7136, 17088, -237, 43, 174
-1096, 6752, 15208, -237, 35, 165
-1512, 6136, 16120, -230, 38, 172
-888, 6376, 17064, -246, 41, 178
-3224, 7096, 15200, -233, 35, 169
120, 4600, 17368, -247, 48, 169
1464, 7920, 14576, -301, 39, 147
-120, 5448, 16896, -286, 7, 152
200, 3568, 14392, -270, -19, 164
640, 280, 17768, -290, -72, 148
5024, -344, 14864, -311, -107, 132
1960, -3248, 16736, -322, -125, 135
3368, -6256, 19672, -333, -154, 120
3552, -7136, 14536, -333, -183, 97
2320, -8752, 14552, -316, -233, 94
1320, -11344, 12056, -314, -272, 80
904, -12960, 9816, -313, -288, 39
720, -14632, 7368, -304, -327, 3
880, -15672, 4424, -323, -332, -59
1336, -17368, 2392, -315, -348, -105
480, -15776, -2072, -316, -354, -188
1520, -15152, -4976, -308, -345, -229
1752, -14952, -7664, -322, -306, -276
1416, -11416, -11176, -322, -266, -346
1840, -10976, -11864, -313, -241, -342
1136, -8112, -14776, -300, -201, -369
448, -5856, -14824, -290, -159, -399
-728, -3512, -14624, -271, -117, -418
-1736, -3072, -16456, -251, -79, -440
-1352, -1248, -15384, -251, -51, -440
432, -88, -17288, -245, 3, -439
-3064, 1968, -14752, -224, 51, -412
-912, 5792, -15752, -218, 127, -406
-416, 4472, -13976, -204, 151, -404
9752, 2392, -10888, -282, 158, -367
13920, 4864, -8296, -352, 149, -305
14216, 3416, -10192, -394, 153, -239
16128, 1008, -1048, -445, 104, -169
16352, -1000, 4560, -456, 59, -70
14392, -3408, 7968, -451, 29, 4
11048, -6032, 7592, -421, -28, 62
9080, -9736, 9392, -384, -98, 96
5928, -10736, 10944, -315, -150, 138
2632, -11896, 11472, -229, -180, 178
-1176, -13848, 11440, -158, -193, 169
-4016, -12280, 10128, -101, -213, 139
-4400, -13608, 9104, -71, -234, 135
-6000, -14328, 6928, -19, -246, 100
-5232, -14848, 3264, 9, -286, 23
-1696, -17256, -2104, 2, -343, -100
-2784, -15592, -1480, -56, -364, -172
3328, -14608, -5720, -105, -372, -217
5184, -14512, -6432, -137, -374, -228
7040, -13600, -5688, -170, -366, -237
9616, -11208, -2808, -255, -365, -206
13528, -8192, 1160, -339, -350, -159
15416, -6512, 7208, -371, -287, -36
13176, 136, 9184, -404, -249, -7
15648, 488, 8840, -418, -185, 35
16816, -1784, 8360, -404, -172, 65
12216, -320, 11752, -389, -182, 72
7240, 1072, 14768, -249, -154, 141
4232, 1760, 16376, -182, -134, 165
1704, 5456, 16752, -100, -76, 175
-1448, 5864, 16048, -35, -22, 154
-6176, 6272, 15840, 57, -17, 89
-9648, 5352, 12136, 124, 2, 9
-12776, 6168, 9120, 160, 4, -51
-13896, 5896, 7376, 168, 6, -97
-14624, 5168, 5344, 173, -3, -151
-19152, 2720, 5960, 142, -13, -275
-19768, 1656, 3248, 149, 6, -249
-15320, 2864, -3168, 109, 14, -332
-14344, 2240, -7872, 47, 49, -384
-14192, 720, -9832, 13, 80, -387
-12536, 2952, -9096, -2, 106, -389
-12192, 2984, -9312, 22, 122, -366
-13344, 4472, -7304, 59, 167, -274
-13688, 4248, -7784, 58, 169, -275
-15656, 4768, -8432, 47, 177, -260
-14080, 6824, -6176, 44, 203, -226
-12960, 5608, -8160, 33, 199, -255
-11584, 7680, -7048, 31, 217, -239
-8440, 11048, -7376, -29, 255, -195
-6080, 15600, -4048, -106, 272, -106
-1752, 17432, -2288, -153, 266, -63
-3440, 17192, 3376, -206, 257, -19
-112, 15472, 5904, -267, 207, 28
1944, 14400, 8536, -294, 172, 46
944, 13336, 9544, -274, 138, 91
-5536, 10776, 9800, -136, 93, 166
-9600, 9200, 11016, -49, 77, 151
-13104, 6080, 6688, 49, 33, 108
-15728, 5888, 3312, 103, 33, 50
-16408, 2496, 1232, 119, 49, 0
-16160, 3936, -2248, 138, 93, -98
-15432, 1728, -4240, 137, 99, -172
-14032, 416, -7512, 131, 86, -250
-12160, -3720, -10264, 106, 23, -338
-8888, -4880, -7192, 39, -23, -408
-5680, -8504, -12224, -54, -101, -459
-4264, -11512, -13088, -108, -178, -441
-3920, -15568, -5264, -135, -299, -373
-4192, -16288, -616, -141, -348, -318
-4488, -15344, 2048, -144, -376, -261
-3776, -15888, 3656, -137, -386, -223
-6208, -13096, 7616, -115, -386, -146
-7080, -11048, 10024, -95, -380, -49
-6560, -9896, 11984, -63, -344, 12
-6464, -7112, 13656, -68, -329, 64
-4856, -6824, 13632, -88, -276, 91
-4096, -3680, 16056, -92, -270, 116
-5472, -2440, 15296, -76, -227, 145
-6224, 776, 15888, -75, -169, 160
-5776, 3480, 16320, -64, -108, 187
-2792, 9104, 14032, -114, -4, 189
-1480, 11560, 11080, -119, 66, 171
-3128, 11872, 9544, -98, 101, 150
-4376, 14792, 6920, -75, 166, 108
-4640, 14776, 3968, -37, 191, 62
-8576, 14008, 184, 63, 178, 3
-10096, 11880, -2856, 127, 134, -99
-12576, 9056, -5688, 157, 64, -159
-13280, 8240, -7248, 168, -3, -216
-11864, 2840, -10704, 123, -102, -301
-8992, -728, -13032, 62, -177, -342
-4256, -2896, -16392, -5, -235, -385
-688, -4520, -15472, -127, -267, -390
5784, -7856, -13728, -225, -307, -343
9512, -9176, -10520, -290, -336, -247
9768, -11872, -6456, -308, -362, -180
7760, -14168, -840, -264, -371, -45
8784, -11584, 3552, -259, -304, 80
7432, -12888, 10680, -218, -238, 160
1280, -10336, 12960, -77, -166, 207
-2088, -10856, 12816, -34, -144, 176
-5144, -8056, 14680, -33, -81, 166
-4288, -7216, 13056, -72, -65, 176
-968, -5616, 16960, -144, -25, 200
3312, -4648, 15280, -237, -18, 179
8736, -5448, 14440, -384, -24, 112
9104, -6696, 12792, -413, -61, 89
9104, -8760, 11528, -406, -140, 58
5184, -9560, 13544, -402, -188, 38
4576, -8320, 15040, -383, -188, 57
1864, -7024, 18512, -356, -138, 107
2648, -312, 16208, -322, -91, 154
-4640, 2408, 16024, -268, -30, 176
-5312, 5704, 15624, -204, 35, 167
-8160, 7984, 11336, -139, 104, 144
-6832, 10120, 11616, -135, 144, 123
-7040, 10360, 9472, -126, 150, 114
-8344, 12888, 6288, -82, 186, 80
-9416, 13392, 3200, -44, 211, 29
-8032, 13688, -992, -22, 250, -48
-7712, 14336, -6096, -15, 240, -118
-6248, 10952, -10152, 0, 234, -239
-5640, 8800, -12848, 9, 212, -292
-1408, 7008, -4968, 49, 149, -329
-5056, 1000, -16256, 46, 60, -394
-2008, -4144, -15496, -2, -44, -440
-1696, -6760, -14152, -21, -143, -426
880, -13112, -11136, -63, -233, -390
4048, -13952, -6240, -105, -325, -325
4504, -15696, -1456, -112, -365, -225
6016, -15520, 2360, -147, -393, -165
8240, -13904, 3024, -212, -387, -126
9744, -12888, 1672, -278, -378, -155
13928, -10736, -1664, -307, -327, -202
12544, -8152, -6624, -289, -306, -281
7552, -9536, -12504, -218, -322, -315
3008, -11056, -11528, -127, -349, -287
96, -11712, -11360, -99, -349, -275
-2360, -12096, -10256, -90, -370, -239
-5904, -12560, -9368, -74, -365, -208
-6528, -13912, -5432, -66, -380, -187
-8736, -12824, -5056, -78, -372, -159
-9208, -13936, -1608, -89, -386, -130
-8760, -13784, -968, -126, -382, -133
-3880, -13984, 2112, -150, -392, -142
-7424, -13712, -600, -167, -387, -147
-6128, -16360, 1648, -175, -396, -162
-4864, -16480, 3160, -180, -388, -172
-3200, -16608, 3104, -193, -387, -199
-6920, -14488, -1440, -182, -374, -247
-3648, -15648, -848, -155, -360, -281
-2240, -16504, 944, -112, -353, -276
-9080, -15928, 4360, -50, -355, -234
-600, -16816, 3088, -44, -361, -179
-880, -17168, 3576, -28, -357, -157
-864, -15248, 2016, -28, -350, -182
-1496, -17200, -1408, -15, -344, -186
-752, -15536, -5312, -20, -327, -244
-2336, -12720, -10656, -38, -303, -335
1512, -12280, -10888, -54, -296, -339
0, -10112, -11896, -27, -275, -348
-1112, -9584, -12664, -11, -269, -344
-3768, -9520, -11536, 27, -267, -310
-7776, -11488, -9848, 46, -302, -209
-10088, -11480, -6184, 65, -307, -148
-11752, -10912, -4200, 60, -297, -106
-12352, -10496, -1544, 46, -295, -52
-12848, -9184, 1136, 39, -287, -26
-12976, -7072, 6424, -2, -256, 65
-8504, -3712, 13272, -125, -174, 162
-7312, 832, 14712, -150, -83, 175
-6280, 5048, 14616, -181, 7, 166
-6168, 7608, 14720, -170, 62, 174
-3144, 8840, 14208, -236, 71, 145
3200, 9128, 11544, -298, 83, 138
5424, 9928, 13304, -358, 74, 84
7944, 9376, 11096, -413, 69, 42
10088, 9032, 11448, -443, 60, -26
10064, 11144, 6904, -463, 79, -96
18528, 12048, -992, -466, 93, -175
11768, 11000, -1776, -429, 87, -317
11088, 11608, -5152, -363, 98, -386
7624, 13984, -5104, -267, 158, -367
5176, 13584, -5064, -233, 188, -359
8952, 12656, -4360, -264, 193, -355
6976, 14248, -2712, -248, 202, -344
7752, 14440, 680, -240, 245, -275
6640, 13056, -1976, -242, 248, -256
8376, 13768, 8632, -182, 287, -198
5136, 15360, 1080, -142, 277, -188
5704, 15352, 1736, -118, 285, -167
3704, 15832, 2048, -92, 280, -120
1488, 16856, 4760, -66, 269, -72
768, 15504, 4112, -33, 232, -23
-200, 13704, 6048, -14, 197, 23
-4624, 10912, 12008, 22, 124, 66
-4656, 8848, 12856, 34, 80, 106
-6080, 7280, 14952, 63, 25, 94
-5576, 5568, 15592, 53, -6, 111
-6680, 3200, 17256, 51, -40, 111
-3168, -3152, 16584, 29, -146, 108
-3112, -5072, 15384, 14, -195, 112
-2080, -5840, 15800, -13, -206, 108
16, -8560, 15272, -37, -243, 99
1272, -9184, 14088, -72, -277, 85
2288, -11944, 11624, -87, -324, 41
4656, -13072, 8624, -117, -355, -2
4040, -15096, 5512, -111, -374, -59
5936, -15792, -504, -129, -397, -145
6480, -14312, -3832, -168, -376, -214
8192, -12576, -5544, -206, -361, -289
10112, -10032, -8400, -246, -330, -328
9488, -6224, -11656, -261, -282, -373
11080, 560, -14128, -231, -219, -435
1536, -1216, -16376, -151, -188, -462
-6104, 1824, -15376, -1, -129, -439
-7232, 2704, -12112, 51, -109, -404
-11904, 1304, -9448, 121, -108, -300
-15504, 2168, -6712, 139, -122, -223
-16328, 744, -3448, 157, -145, -150
-16672, -256, 0, 144, -174, -94
-16800, -1456, 2432, 126, -190, -60
-14912, -1576, 5944, 81, -204, 7
-12504, -4672, 7576, 16, -256, 21
-12000, -7504, 8512, -11, -303, 2
-10888, -9528, 8416, -62, -338, -28
-4880, -12600, 8240, -133, -382, -79
-1304, -15816, 4200, -196, -390, -166
-280, -16640, 1160, -204, -376, -209
-640, -16272, -1800, -230, -366, -240
-2816, -15160, -3376, -223, -349, -270
-3568, -12048, -9680, -196, -254, -403
-3512, -8992, -12872, -197, -171, -451
-5688, -6904, -13488, -157, -128, -464
-4528, -7512, -14264, -166, -109, -479
-7768, -5496, -12768, -88, -49, -487
-8984, -5096, -13192, -38, -29, -464
-9376, -4080, -13216, -9, -2, -459
-8752, -3312, -12960, 14, 19, -433
-7224, -3088, -12424, 31, 2, -442
-6416, -4672, -14368, 28, -24, -438
-5000, -5304, -14072, 35, -46, -433
-4304, -6464, -14472, 21, -91, -433
-3480, -7592, -14544, 16, -116, -435
-2144, -5616, -14600, 4, -111, -431
-1960, -6080, -15552, 2, -116, -442
-2480, -4192, -15512, 33, -113, -405
-1880, -2408, -15064, 28, -83, -410
-3400, 1280, -16264, 31, -61, -393
-3048, 1488, -16176, 46, -33, -383
-3384, 4984, -13880, 49, 20, -385
-5040, 7104, -13712, 54, 44, -360
-5392, 7712, -13112, 68, 72, -343
-6080, 9960, -10808, 88, 69, -330
-9008, 10912, -10080, 117, 56, -302
-13584, 8608, -4488, 169, -9, -192
-15472, 4296, -1664, 155, -88, -142
